18	1
16	2
64	3
62	4
56	5
63	6
31	7
76	8
46	9
60	10
71	11
49	12
65	13
59	14
66	15
68	16
67	17
55	18
47	19
13	20
14	21
19	22
1	23
3	24
8	25
5	26
9	27
17	28
10	29
20	30
4	31
11	32
7	33
386	34
384	35
376	36
383	37
382	38
371	39
369	40
378	41
375	42
385	43
424	44
415	45
421	46
443	47
423	48
439	49
436	50
418	51
425	52
419	53
429	54
430	55
445	56
431	57
434	58
435	59
447	60
414	61
426	62
420	63
428	64
444	65
446	66
427	67
773	68
778	69
774	70
768	71
781	72
762	73
780	74
760	75
766	76
779	77
764	78
772	79
775	80
776	81
777	82
770	83
767	84
1160	85
1175	86
1520	87
1532	88
1522	89
1523	90
1169	91
1545	92
1557	93
1524	94
1519	95
1527	96
1171	97
1172	98
1547	99
1531	100
1554	101
1553	102
1530	103
1154	104
1163	105
1161	106
1170	107
1156	108
1150	109
1151	110
1158	111
1183	112
1164	113
1195	114
1193	115
1157	116
1180	117
1136	118
1167	119
1192	120
1182	121
1168	122
1155	123
1166	124
1548	125
1529	126
1131	127
1134	128
1525	129
1518	130
1550	131
1555	132
1551	133
1504	134
1536	135
1528	136
1159	137
1137	138
1194	139
1543	140
1135	141
1896	142
1911	143
1870	144
1929	145
1919	146
1900	147
1895	148
1903	149
1918	150
1917	151
1901	152
1902	153
1916	154
1893	155
1898	156
1914	157
1887	158
2289	159
2272	160
2268	161
2254	162
2238	163
2279	164
2255	165
2284	166
2266	167
1905	168
1908	169
2264	170
2260	171
2256	172
1906	173
1907	174
1890	175
2270	176
2263	177
1904	178
1930	179
2287	180
2267	181
1897	182
1913	183
2632	184
2647	185
2628	186
2633	187
2652	188
2608	189
2634	190
2629	191
2622	192
2635	193
2636	194
2651	195
2623	196
2609	197
2626	198
2627	199
2639	200
2638	201
2631	202
2653	203
2655	204
2607	205
2625	206
2658	207
3377	209
3362	210
3360	211
3379	212
3380	213
3378	214
3363	215
3370	216
3004	217
2994	218
2995	219
3001	220
3369	221
3372	222
3371	223
3737	224
3712	225
3733	226
3740	227
3738	228
3728	229
3756	230
3758	231
3711	232
3743	233
3710	234
3730	235
3755	236
3731	237
3744	238
3727	239
3736	240
3742	241
3726	242
3759	243
3739	244
3713	245
3732	246
3741	247
4105	248
4080	249
4113	250
4096	251
4098	252
4106	253
4094	254
4124	255
4112	256
4111	257
4100	258
4119	259
4107	260
4104	261
4126	262
4095	263
4114	264
4079	265
4089	265
4081	266
4115	267
4127	268
4116	269
4099	270
4101	271
4103	272
4110	273
4108	274
4078	275
4067	276
4068	277
4051	278
4062	279
4064	280
4063	281
4052	282
4059	283
4058	284
4049	285
4055	286
4056	287
4053	288
4070	289
4061	290
4057	291
4065	292
4066	293
4069	294
4493	295
4486	296
4494	297
4503	298
4501	299
4507	300
4499	301
4488	302
4490	303
4496	304
4489	305
4492	306
4502	307
4505	308
4506	309
4495	310
4504	311
4500	312
4498	313
4867	314
4866	315
4856	316
4485	317
4836	318
4858	319
4857	320
5189	321
5178	322
5195	323
5557	324
5548	325
5556	326
5183	327
5184	328
5547	329
5190	330
5186	331
5180	332
5182	333
5179	334
5192	335
5194	336
5546	337
4453	338
4444	339
4442	340
4459	341
4821	342
4810	343
4820	344
4447	345
4448	346
4811	347
4823	348
4458	349
4449	350
4467	351
4457	352
4440	353
4452	354
4454	355
4446	356
4450	357
4456	358
4443	359
4808	360
4815	361
4788	362
4797	363
4789	364
4787	365
4803	366
4798	367
4785	368
4800	369
4793	370
4802	371
4791	372
4792	373
4804	374
4806	375
4805	376
4795	377
4801	378
4799	379
4794	380
4420	381
4429	382
4421	383
4432	384
4430	385
4424	386
4417	387
4426	388
4425	389
4436	390
4433	391
4419	392
4423	393
4427	394
4431	395
4434	396
4471	397
4437	398
5944	399
5951	400
5962	401
5964	402
5940	403
5934	404
5942	405
5960	406
5941	407
5979	408
5935	409
5946	410
5952	411
5950	412
5967	413
5943	414
5965	415
5959	416
5949	417
5978	418
5977	419
5945	420
5948	421
6316	422
6304	423
6315	424
5953	425
5954	426
5939	427
6307	428
5956	429
5976	430
6312	431
6319	432
6318	433
6332	434
6308	435
6302	436
6310	437
6303	438
6320	439
6334	440
6335	441
6311	442
6333	443
6327	444
6331	445
6339	446
6323	448
5921	449
5918	450
5919	451
7057	452
7040	453
7043	454
7058	455
7060	456
7050	457
7042	458
7052	459
7059	460
6674	461
6675	462
6682	463
6684	464
6681	465
7785	466
7776	467
7794	468
7795	469
7781	470
7779	471
7417	472
7419	473
7410	474
7420	475
7411	476
7796	477
7418	478
7793	479
6259	480
6270	481
6261	482
6275	483
6263	484
6266	485
6264	486
6274	487
6273	488
6272	489
6265	490
6267	491
6276	492
6278	493
6257	494
6269	495
6260	496
6277	497
6271	498
5891	499
5902	500
5893	501
5905	502
5899	503
8099	504
8107	505
8114	506
8101	507
8111	508
8105	509
8113	510
8103	511
8112	512
8104	513
8110	514
8097	515
8109	516
8100	517
8479	518
8467	519
8475	520
8482	521
8469	522
8481	523
8471	524
8480	525
8472	526
8478	527
8465	528
8468	529
8477	530
8474	531
8484	532
8483	533
8485	534
8486	535
8126	536
8501	537
8492	538
8494	539
8490	540
8509	541
8506	542
8130	543
8133	544
8508	545
8502	546
8498	547
8132	548
8106	549
8497	550
7390	551
7765	552
7397	553
7386	554
7396	555
7391	556
7387	557
7394	558
7388	559
7405	560
7384	561
7398	562
7392	563
7756	564
7767	565
7752	566
7763	567
7401	568
7399	569
7754	570
7368	571
8172	572
8173	573
8174	574
8175	575
8182	576
8179	577
8168	578
8170	579
8166	580
8181	581
8180	582
8183	583
8178	584
8176	585
8184	586
8185	587
8538	588
8547	589
8537	590
8555	591
8536	592
8169	593
8495	594
7436	595
7437	596
7438	597
7439	598
8142	599
7431	600
8152	601
8156	602
8160	603
8127	604
8149	605
8159	606
8148	607
8158	608
8146	609
8143	610
7450	611
7449	612
7448	613
7805	614
7804	615
7807	616
7801	617
8510	618
8519	619
7799	620
7803	621
7802	622
8518	623
7451	624
7435	625
7806	626
8520	627
8516	628
8512	629
7760	630
7758	631
7768	632
8154	633
8155	634
8522	635
8526	636
8511	637
8523	638
8147	639
8144	640
8124	641
8151	642
7815	643
8524	644
8908	645
8918	646
8919	647
8917	648
8915	649
8902	650
8912	651
8905	652
8906	653
8914	654
9276	655
8895	656
8896	657
8894	658
8882	659
9277	660
8892	661
9279	662
8878	663
8885	664
9271	665
8884	666
8888	667
9291	668
8900	669
9289	670
8880	671
8890	672
9278	673
8883	674
9282	675
8887	676
9290	677
9281	678
8879	679
8891	680
8858	681
8869	682
8863	683
8870	684
8862	685
8874	686
8859	687
8877	688
8876	689
8868	690
8866	691
8865	692
8873	693
8864	694
8875	695
8860	696
8872	697
8856	698
8871	699
8835	700
8846	701
8833	702
8836	703
8851	704
8849	705
8850	706
8839	707
8852	708
8854	709
8848	710
8842	711
8843	712
8840	713
8837	714
8847	715
8845	716
8841	717
8853	718
9582	719
9577	720
9586	721
9575	722
9584	723
9576	724
9579	725
9585	726
9569	727
9583	728
9571	729
9572	730
9581	731
9573	732
9950	733
9945	734
9954	735
9943	736
9956	737
9952	738
9955	739
9944	740
9947	741
9953	742
9937	743
9951	744
9958	745
9957	746
9939	747
9949	748
9941	749
9986	750
9987	751
9995	752
10313	756
9946	757
9994	758
9983	759
10346	760
10359	761
10357	762
10375	763
10360	764
10383	765
10358	766
10698	767
10709	768
10699	769
10708	770
10342	771
10341	772
10330	773
10348	774
10332	775
10349	776
10336	777
10334	778
10338	779
10337	780
10343	781
10379	782
10356	783
10700	784
10705	785
10713	786
10347	787
10335	788
10344	789
10345	790
10331	791
10340	792
10381	793
10350	794
10380	795
10391	796
10706	797
10339	798
11111	799
11115	800
11087	801
11090	802
11093	803
11106	804
11096	805
11095	806
11099	807
11100	808
11102	809
11104	810
11086	811
11108	812
11116	813
11119	814
11072	815
11105	816
11101	817
11071	818
11073	819
11092	820
11070	821
11117	822
11118	823
11467	824
11456	825
11091	826
11098	827
11103	828
11107	829
11466	830
11056	831
11041	832
11058	833
11049	834
11054	835
11047	836
11053	837
11412	838
11411	839
11422	840
11057	841
11061	842
11413	843
11044	844
11043	845
11059	846
11050	847
11055	848
11060	849
11051	850
11048	851
11421	852
11062	853
11813	854
11812	855
11818	856
12170	857
11821	858
12171	859
12181	860
11819	861
11803	862
11816	863
11808	864
11807	865
11827	866
11820	867
11842	868
11836	869
11841	870
11815	871
11817	872
12215	873
11844	874
12194	875
11835	876
11806	877
11834	878
11856	879
11802	880
11814	881
12549	882
12548	883
12554	884
12557	885
12906	886
12538	887
12553	888
12540	889
12543	890
12544	891
12550	892
12556	893
12907	894
12925	895
12551	896
12908	897
12555	898
12546	899
12545	900
11854	901
11853	902
11855	903
11847	904
12192	905
11850	906
11863	907
11862	908
12564	909
11861	910
12565	911
12568	912
11858	913
11864	914
12559	915
11867	916
12226	917
11851	918
12218	919
12225	920
12220	921
11857	922
12217	923
12590	924
12595	925
12584	926
12597	927
12599	928
12585	929
12588	930
12602	931
12582	932
12596	933
12598	934
12600	935
12601	936
12952	937
12963	938
15144	939
15140	940
15150	941
15135	942
15139	943
15154	944
15156	945
15136	946
15142	947
15141	948
15134	949
15148	950
15152	951
15165	952
15145	953
15138	954
15143	955
15146	956
15147	957
15151	958
15155	960
15106	961
15089	962
15095	963
15110	964
15098	965
15107	966
15096	967
15108	968
15459	969
15470	970
15460	971
15103	972
15104	973
15091	974
15102	975
15105	976
15109	977
13296	978
13299	979
13295	980
13326	981
13319	982
13305	983
13325	984
13302	985
13324	986
13311	987
13330	988
13303	989
13304	990
13300	991
13294	992
13301	993
13307	994
13338	995
13308	996
13316	997
13278	998
13280	999
13281	1000
13279	1001
13298	1002
13323	1003
13310	1004
13312	1005
13306	1006
13314	1007
13313	1008
13251	1009
13253	1010
13263	1011
13249	1012
13255	1013
13261	1014
13252	1015
13258	1016
13265	1017
13264	1018
13262	1019
13266	1020
13256	1021
13268	1022
13267	1023
13322	1024
13329	1025
13339	1026
13318	1027
13331	1028
13337	1029
13327	1030
13328	1032
13321	1033
13336	1034
13694	1035
13691	1036
13663	1037
13679	1038
13672	1039
13678	1040
13680	1041
13668	1042
13662	1043
13669	1044
13687	1045
13692	1046
13690	1047
13695	1048
13693	1049
13677	1050
13674	1051
13675	1052
13673	1053
13666	1054
13676	1055
13667	1056
13646	1057
13647	1058
13649	1059
13648	1060
13671	1061
14000	1062
13993	1063
13999	1064
13989	1065
13987	1066
13985	1067
13992	1068
13994	1069
14001	1070
14002	1071
13997	1072
13988	1073
13991	1074
13998	1075
13995	1076
14368	1077
14366	1078
14370	1079
14359	1080
14353	1081
14365	1082
14369	1083
14360	1084
14355	1085
14371	1086
14356	1088
14423	1089
14031	1090
14052	1091
14428	1092
14430	1093
14040	1094
14036	1095
14037	1096
14039	1097
14030	1098
14045	1099
14032	1100
14048	1101
14047	1102
14035	1103
14043	1104
14041	1105
14063	1106
14429	1107
14042	1108
14426	1109
14427	1110
14381	1111
14046	1112
14065	1113
14070	1114
14071	1115
14069	1116
14054	1117
14066	1118
14044	1119
14056	1120
14068	1121
14057	1122
14010	1123
14021	1124
14014	1125
14012	1126
14018	1127
14011	1128
14025	1129
14022	1130
14015	1131
14020	1132
14378	1133
14383	1134
14386	1135
14384	1136
14382	1137
14389	1138
14395	1139
14388	1140
14409	1141
14402	1142
14403	1143
14411	1144
14786	1145
14787	1146
110	1147
111	1148
105	1149
99	1150
109	1151
102	1152
95	1153
97	1154
107	1155
114	1156
93	1157
96	1158
108	1159
112	1160
516	1161
523	1162
507	1163
511	1164
506	1165
522	1166
524	1167
526	1168
527	1169
531	1170
519	1171
512	1172
520	1173
536	1174
533	1175
528	1176
525	1178
541	1179
515	1180
538	1181
539	1182
865	1183
871	1184
856	1185
870	1186
854	1187
873	1188
855	1189
1252	1190
1248	1191
1261	1192
1264	1193
1262	1194
1614	1195
1615	1196
1715	1197
1624	1198
1640	1199
1611	1200
1254	1201
1247	1202
1279	1203
1255	1204
1253	1205
1612	1206
1643	1207
1610	1208
1274	1209
1258	1210
1272	1211
1267	1212
1243	1213
1226	1214
1287	1215
1242	1216
1284	1217
1285	1218
1251	1219
1249	1220
1275	1221
1620	1222
1619	1223
1639	1224
1273	1225
1229	1226
1263	1227
1286	1228
1635	1229
1641	1230
1646	1231
1257	1232
1621	1233
1622	1234
1259	1235
1260	1236
1623	1237
1278	1238
1616	1239
1988	1241
1984	1242
1997	1243
2000	1244
2007	1245
1992	1246
2011	1247
2023	1248
2360	1249
2348	1250
1985	1251
1994	1252
2008	1253
2021	1254
1979	1255
2353	1256
2347	1257
2381	1258
2378	1259
1993	1260
2383	1261
1998	1262
2377	1263
1999	1264
2346	1265
2371	1266
1983	1267
2379	1268
1996	1269
1995	1270
2350	1272
2358	1273
2359	1275
2724	1276
2720	1277
2732	1278
2718	1279
2728	1280
2716	1281
2743	1282
2698	1283
2714	1284
2715	1285
2744	1286
2721	1287
2730	1288
2727	1289
2699	1290
2697	1291
2747	1292
2739	1293
2725	1294
2723	1295
2731	1296
2700	1297
2701	1298
2719	1299
2729	1300
3469	1301
3087	1302
3095	1303
3096	1304
3471	1305
3472	1306
3452	1307
3464	1308
3454	1309
3093	1310
3086	1311
3455	1312
3470	1313
3829	1314
3819	1315
3834	1316
3843	1317
3828	1318
3818	1319
3825	1320
3827	1321
3836	1322
3848	1323
3835	1324
3833	1325
3822	1326
3830	1327
3802	1328
3804	1329
3805	1330
3803	1331
3849	1332
3823	1333
3832	1334
3847	1335
3831	1336
3826	1337
3824	1338
3850	1339
3851	1340
4197	1341
4188	1342
4217	1343
4208	1344
4205	1345
4206	1346
4207	1347
4202	1348
4190	1349
4192	1350
4211	1351
4196	1352
4191	1353
4199	1354
4204	1355
4186	1356
4198	1357
4170	1358
4200	1359
4218	1360
4187	1361
4216	1362
4171	1363
4159	1364
4157	1365
4156	1366
4141	1367
4149	1368
4158	1369
4154	1370
4151	1371
4160	1372
4148	1373
4150	1374
4144	1375
4145	1376
4153	1377
4155	1378
4143	1379
4161	1380
4162	1381
4585	1382
4578	1383
4594	1384
4598	1385
4587	1386
4595	1387
4593	1388
4592	1389
4584	1390
4586	1391
4590	1392
4580	1393
4596	1394
4597	1395
4582	1396
4588	1397
4599	1398
5270	1399
5286	1400
5280	1401
5283	1402
5282	1403
5289	1404
5640	1405
5287	1406
5281	1407
5274	1408
5649	1409
5651	1410
5638	1411
5639	1412
5279	1413
4534	1414
4544	1415
4542	1416
4536	1417
4880	1418
4881	1419
4877	1420
4892	1421
4884	1422
4895	1423
4893	1424
4879	1425
4889	1426
4894	1427
4891	1428
4917	1429
4887	1430
4885	1431
4896	1432
4886	1433
4878	1434
4512	1435
4521	1436
4518	1437
4524	1438
4523	1439
4522	1440
4511	1441
4517	1442
4563	1443
4526	1444
4527	1445
4516	1446
4530	1447
4513	1448
4510	1449
4525	1450
4508	1451
4509	1452
4579	1453
4528	1454
6036	1455
6043	1456
6026	1457
6033	1458
6027	1459
6042	1460
6063	1461
6057	1462
6059	1463
6069	1464
6037	1465
6058	1466
6038	1467
6051	1468
6045	1469
6068	1470
6028	1471
6404	1472
6419	1473
6424	1474
6417	1475
6403	1476
6402	1477
6411	1478
6395	1479
6394	1480
6407	1481
6039	1482
6401	1483
6007	1484
6011	1485
6044	1486
7149	1487
7152	1488
7150	1489
7151	1490
7135	1491
7141	1492
7132	1493
7143	1494
6767	1495
6776	1496
6772	1497
6775	1498
6774	1499
6771	1500
6773	1501
6766	1502
7877	1503
7868	1504
7503	1505
7512	1506
7510	1507
7511	1508
7509	1509
7502	1510
7885	1511
7888	1512
7878	1513
7871	1514
7879	1515
7870	1516
7886	1517
6351	1518
6369	1519
6357	1520
6370	1521
6355	1522
6364	1523
6356	1524
6362	1525
6365	1526
6361	1527
6349	1528
6367	1529
6363	1530
6352	1531
5983	1532
5993	1533
5994	1534
8191	1535
8206	1536
8205	1537
8195	1538
8204	1539
8196	1540
8202	1541
8189	1542
8201	1543
8192	1544
8198	1545
8559	1546
8561	1547
8563	1548
8570	1549
8557	1550
8569	1551
8571	1552
8566	1553
8576	1554
8575	1555
8578	1556
8564	1557
8572	1558
8203	1559
8577	1560
8218	1561
8584	1562
8601	1563
8221	1564
8226	1565
8214	1566
8582	1567
8599	1568
8598	1569
8219	1570
8222	1571
8220	1572
8600	1573
8587	1574
7482	1575
7478	1576
7494	1577
7489	1578
7484	1579
7483	1580
7486	1581
7485	1582
8589	1583
7488	1584
8264	1585
8274	1586
8275	1587
8262	1588
8273	1589
8271	1590
8260	1591
8261	1592
8276	1593
8272	1594
8279	1595
8628	1596
8639	1597
8277	1598
8638	1599
8270	1600
8268	1601
7528	1602
7523	1603
7529	1604
8252	1605
8244	1606
8249	1607
7530	1608
8243	1609
7534	1610
8248	1611
8240	1612
7531	1613
8234	1614
7527	1615
8235	1616
8245	1617
8246	1618
8254	1619
7540	1620
7543	1621
7899	1622
7897	1623
8256	1624
7891	1625
8603	1626
8620	1627
8616	1628
8614	1629
8602	1630
8611	1631
8609	1632
8618	1633
8612	1634
7896	1635
8242	1636
8637	1637
7893	1638
7541	1639
8253	1640
8251	1641
8255	1642
8241	1643
8239	1644
8250	1645
9000	1647
9007	1648
9011	1649
8994	1650
9010	1651
8997	1652
8998	1653
9008	1654
8996	1655
9009	1656
9006	1657
9003	1658
9368	1659
8986	1660
8980	1661
8975	1662
8977	1663
8970	1664
9381	1665
8979	1666
9382	1667
9380	1668
8976	1669
9375	1670
8992	1671
9383	1672
8990	1673
9363	1674
9370	1675
9371	1676
8982	1677
8971	1678
8991	1679
9366	1680
8960	1681
8950	1682
8969	1683
8962	1684
8966	1685
8961	1686
8957	1687
8952	1688
8967	1689
8958	1690
8955	1691
8956	1692
8965	1693
8954	1694
8927	1695
8944	1696
8925	1697
8941	1698
8940	1699
8939	1700
8931	1701
8942	1702
8933	1703
8934	1704
8932	1705
8938	1706
8928	1707
8943	1708
8946	1709
8929	1710
8937	1711
8935	1712
9674	1713
9669	1714
9678	1715
9667	1716
9676	1717
9671	1718
9677	1719
9661	1720
9675	1721
9663	1722
9664	1723
9673	1724
9665	1725
9670	1726
10042	1727
10046	1728
10035	1729
10044	1730
10045	1731
10047	1732
10036	1733
10039	1734
10029	1735
10033	1736
10043	1737
10050	1738
10049	1739
10031	1740
10032	1741
10041	1742
10048	1743
10037	1744
10038	1745
10438	1746
10452	1747
10467	1748
10430	1749
10433	1750
10426	1751
10424	1752
10471	1753
10422	1754
10472	1755
10797	1756
10484	1757
10474	1758
10423	1759
10448	1760
10432	1761
10439	1762
10449	1763
10475	1764
10441	1765
10790	1766
10801	1767
10798	1768
10442	1769
10429	1770
10805	1771
10427	1772
10451	1773
10457	1774
10434	1775
10800	1776
10796	1777
10804	1778
10795	1779
10436	1780
10420	1781
11203	1782
11207	1783
11211	1784
11179	1785
11183	1786
11190	1787
11189	1788
11208	1790
11188	1791
11162	1792
11182	1793
11187	1794
11192	1795
11194	1796
11195	1797
11178	1799
11185	1800
11199	1801
11197	1802
11200	1803
11551	1804
11548	1805
11550	1806
11210	1807
11196	1808
11184	1809
11535	1810
11537	1811
11221	1812
11164	1813
11148	1814
11139	1815
11514	1816
11154	1817
11142	1818
11147	1819
11135	1820
11149	1821
11151	1822
11150	1823
11133	1824
11137	1825
11145	1826
11505	1827
11503	1828
11153	1829
11504	1830
11146	1831
11143	1832
11140	1833
11141	1834
11136	1835
11513	1836
11905	1837
11936	1838
11928	1839
11919	1840
11898	1841
12284	1842
12286	1843
11933	1844
12296	1845
11894	1846
11910	1847
12273	1848
11913	1849
11909	1850
11907	1851
11896	1852
11886	1853
11892	1854
12262	1855
11911	1856
12272	1857
11966	1858
12641	1859
12646	1860
12630	1861
12647	1862
12648	1863
11945	1864
12660	1865
12667	1866
12629	1867
12662	1868
12307	1869
12651	1870
12664	1871
11959	1872
12318	1873
11947	1874
11942	1875
11946	1876
11944	1877
11956	1878
13044	1880
13055	1881
12692	1882
12691	1883
12689	1884
12690	1885
12681	1886
13046	1887
12686	1888
12688	1889
12676	1890
12680	1891
12695	1892
13054	1893
12687	1894
12694	1895
12678	1896
12674	1897
12693	1898
13045	1899
12684	1900
15236	1901
15243	1902
15239	1903
15233	1904
15198	1905
15201	1906
15193	1907
15195	1908
13388	1909
13387	1910
13401	1911
13403	1912
13404	1913
13390	1914
13400	1915
13393	1916
13395	1917
13417	1918
13406	1919
13408	1920
13399	1921
13386	1922
13398	1923
13402	1924
13411	1925
13392	1926
13416	1927
13391	1928
13419	1929
13370	1930
13396	1931
13430	1932
13373	1933
13371	1934
13372	1935
13407	1936
13343	1937
13359	1938
13360	1939
13358	1940
13357	1941
13354	1942
13351	1943
13362	1944
13355	1945
13347	1946
13344	1947
13361	1948
13345	1949
13341	1950
13350	1951
13353	1952
13356	1953
13348	1954
13349	1955
13414	1956
13423	1957
13421	1958
13786	1959
13770	1960
13767	1961
13755	1962
13784	1963
13771	1964
13787	1965
13754	1966
13764	1967
13761	1968
13762	1969
13760	1970
13763	1971
13740	1972
13769	1973
13766	1974
13768	1975
13785	1976
13765	1977
13738	1978
13776	1979
13759	1980
13775	1981
13790	1982
13758	1983
13772	1984
13756	1985
13739	1986
14090	1987
14092	1988
14081	1989
14091	1990
14093	1991
14084	1992
14085	1993
14086	1995
14083	1996
14089	1997
14087	1998
14077	1999
14094	2000
14080	2001
14458	2002
14497	2003
14445	2004
14461	2005
14462	2006
14460	2007
14453	2008
14463	2009
14454	2010
14452	2011
14448	2012
14449	2013
14457	2014
14515	2015
14123	2016
14126	2017
14144	2018
14132	2019
14135	2020
14133	2021
14134	2022
14136	2023
14518	2024
14129	2025
14139	2026
14127	2027
14521	2028
14522	2029
14155	2030
14158	2031
14128	2032
14162	2033
14160	2034
14163	2035
14161	2036
14146	2038
14125	2039
14154	2040
14159	2041
14164	2042
14102	2043
14115	2044
14112	2045
14113	2046
14107	2047
14100	2048
14109	2049
14108	2050
14106	2051
14104	2052
14103	2053
14114	2055
14116	2056
14470	2057
14480	2058
14474	2059
14472	2060
14476	2061
14471	2062
14475	2063
14501	2064
14503	2065
14495	2066
14878	2067
14877	2068
14880	2069
14871	2070
14879	2071
14875	2072
191	2073
250	2074
198	2075
185	2076
202	2077
197	2078
194	2079
189	2080
193	2081
200	2082
201	2083
246	2084
252	2085
243	2086
203	2087
234	2088
249	2089
262	2090
251	2091
192	2092
248	2093
187	2094
199	2095
240	2096
239	2097
215	2098
188	2099
559	2100
562	2101
569	2102
571	2103
555	2104
623	2105
627	2106
618	2107
610	2108
620	2109
612	2110
534	2111
616	2112
631	2113
615	2114
598	2115
608	2116
614	2117
599	2118
611	2119
629	2120
613	2121
957	2122
946	2123
961	2124
959	2125
960	2126
951	2127
964	2128
952	2129
950	2130
1344	2131
1559	2132
1712	2133
1335	2134
1340	2135
1367	2136
1364	2137
1704	2138
1716	2139
1355	2140
1356	2141
1354	2142
1703	2143
1348	2144
1379	2145
1346	2146
1366	2147
1359	2148
1345	2149
1378	2150
1365	2151
1352	2152
1339	2153
1718	2154
1711	2155
1338	2156
1370	2157
1362	2158
1341	2159
1318	2160
1707	2161
1713	2162
1706	2163
1730	2164
1708	2165
1371	2166
1702	2167
1343	2168
1732	2169
1720	2170
1727	2171
1717	2172
1739	2173
1321	2174
1729	2175
1347	2176
2080	2177
2440	2178
2089	2179
2467	2180
2471	2181
2468	2182
2439	2183
2092	2184
2450	2185
2091	2186
2090	2187
2452	2188
2422	2189
2451	2190
2442	2191
2076	2192
2071	2193
2085	2194
2114	2195
2088	2196
2106	2197
2086	2198
2112	2199
2087	2200
2084	2201
2082	2202
2473	2203
2470	2204
2070	2205
2103	2206
2102	2207
2075	2208
2100	2209
2083	2210
2475	2211
2113	2212
2242	2213
2115	2214
2469	2215
2109	2216
2097	2217
2095	2218
2078	2219
2101	2220
2454	2221
2447	2222
2463	2223
2465	2224
2456	2225
2079	2226
2077	2227
2424	2228
2445	2229
2816	2230
2822	2231
2835	2232
2838	2233
2836	2234
2813	2235
2793	2236
2807	2237
2837	2238
2823	2239
2806	2240
2790	2241
2792	2242
2831	2243
2824	2244
2812	2245
2791	2246
2818	2247
2815	2248
2811	2249
2820	2250
2810	2251
2817	2252
2819	2253
3561	2254
3556	2255
3544	2256
3553	2257
3564	2258
3563	2259
3555	2260
3547	2261
3546	2262
3562	2263
3188	2264
3185	2265
3187	2266
3178	2267
3186	2268
3179	2269
3921	2270
3911	2271
3924	2272
3942	2273
3923	2274
3916	2275
3917	2276
3928	2277
3920	2278
3894	2279
3915	2280
3926	2281
3922	2282
3940	2283
3895	2284
3943	2285
3897	2286
3910	2287
3935	2288
3914	2289
3925	2290
3896	2291
3919	2292
3927	2293
3939	2294
4289	2295
4283	2296
4284	2297
4294	2298
4298	2299
4288	2300
4292	2301
4282	2302
4285	2303
4303	2304
4278	2305
4299	2306
4297	2307
4311	2308
4290	2309
4280	2310
4309	2311
4262	2312
4300	2313
4310	2314
4296	2315
4291	2316
4264	2317
4295	2318
4308	2319
4279	2320
4251	2321
4248	2322
4233	2323
4250	2324
4249	2325
4246	2326
4243	2327
4235	2328
4239	2329
4240	2330
4247	2331
4254	2332
4237	2333
4253	2334
4241	2335
4245	2336
4252	2337
4236	2338
4242	2339
4679	2340
4687	2341
4677	2342
4686	2343
4685	2344
4678	2345
4676	2346
4680	2347
4683	2348
4672	2349
4682	2350
4674	2351
4688	2352
4691	2353
5040	2354
5051	2355
5041	2356
4690	2357
4689	2358
4670	2359
4640	2360
4684	2363
5780	2364
5016	2365
5014	2366
5024	2367
5752	2368
5782	2369
5775	2370
5032	2371
5021	2372
5425	2373
5023	2374
5779	2375
5427	2376
5028	2377
5424	2378
4630	2379
4655	2380
4656	2381
4652	2382
5407	2383
5410	2384
5416	2385
4662	2386
4647	2387
4659	2388
4653	2389
5787	2390
4664	2391
4658	2392
5020	2393
4663	2394
5030	2395
4657	2396
5783	2397
5426	2398
5027	2399
5018	2400
5353	2401
5350	2402
5347	2403
5341	2404
5351	2405
5352	2406
5339	2407
5354	2408
5358	2409
5357	2410
5707	2411
5720	2412
5718	2413
5714	2414
5708	2415
5717	2416
5705	2417
5715	2418
5722	2419
5709	2420
5712	2421
5711	2422
5713	2423
5356	2424
5349	2425
5345	2426
5337	2427
5340	2428
5721	2429
5355	2431
5741	2432
5373	2433
5364	2434
5362	2435
5746	2436
5730	2437
5368	2438
5370	2439
5363	2440
5749	2441
5747	2442
5367	2443
5748	2444
5369	2445
5372	2446
5366	2447
5731	2448
5381	2449
5745	2450
5005	2451
4628	2452
4633	2453
4637	2454
4638	2455
4627	2456
4626	2457
4634	2458
5004	2459
5013	2460
5012	2461
4994	2462
5002	2463
5011	2464
5010	2465
4995	2466
5000	2467
4636	2468
5008	2469
5097	2470
5096	2471
5102	2472
5086	2473
5103	2474
5088	2475
5092	2476
4729	2477
4732	2478
4720	2479
4722	2480
4731	2481
4719	2482
5087	2483
5105	2484
4724	2485
4723	2486
4718	2487
4984	2488
4988	2489
4987	2490
4989	2491
4972	2492
4986	2493
4977	2494
4978	2495
4973	2496
4985	2497
4982	2498
4971	2499
4981	2500
4975	2501
4983	2502
4969	2503
4990	2504
4979	2505
5017	2506
4616	2507
4610	2508
4619	2509
4607	2510
4617	2511
4614	2512
4613	2513
4611	2514
4605	2515
4603	2516
4615	2517
4618	2518
4601	2519
4609	2520
4608	2521
4604	2522
3656	2523
3288	2524
3639	2525
3654	2526
3638	2527
3646	2528
3277	2529
6128	2530
6148	2531
6118	2532
6143	2533
6119	2534
6163	2535
6134	2536
6124	2537
6125	2538
6131	2539
6147	2540
6129	2541
6151	2542
6145	2543
6136	2544
6130	2545
6104	2546
6146	2547
6135	2548
6162	2549
6150	2550
6154	2551
6155	2552
6496	2553
6516	2554
6515	2555
6519	2556
6493	2557
6486	2558
6492	2559
7241	2560
7224	2561
7226	2562
7242	2563
7244	2564
7227	2565
7236	2566
7234	2567
7242	2568
6858	2569
6868	2570
6866	2571
6859	2572
6865	2573
7969	2574
7963	2575
7980	2576
7971	2577
7977	2578
7978	2579
7979	2580
7604	2581
7595	2582
7594	2583
7962	2584
7602	2585
7611	2586
7960	2587
7601	2588
7970	2589
7972	2590
6443	2591
6458	2592
6447	2593
6453	2594
6455	2595
6445	2596
6459	2597
6448	2598
6454	2599
6461	2600
6456	2601
6449	2602
6460	2603
6451	2604
6441	2605
6462	2606
6444	2607
6450	2608
6075	2609
6086	2610
6083	2611
6077	2612
8283	2613
8297	2614
8285	2615
8298	2616
8296	2617
8294	2618
8291	2619
8293	2620
8284	2621
8281	2622
8295	2623
8289	2624
8287	2625
8290	2626
8651	2628
8658	2629
8653	2630
8662	2631
8657	2632
8659	2633
8664	2634
8649	2635
8666	2636
8665	2637
8652	2638
8655	2639
8667	2640
8670	2641
8669	2642
8668	2643
8663	2644
8656	2645
8661	2646
8317	2647
8314	2648
8308	2649
8310	2650
8690	2652
8676	2653
8674	2654
8685	2655
8678	2656
8685	2657
8680	2658
8311	2659
8692	2660
8686	2661
8588	2662
8320	2663
7581	2664
7570	2665
7587	2666
7588	2667
7938	2668
7586	2669
7583	2670
7589	2671
7949	2672
8356	2673
8358	2674
8721	2675
8697	2676
8731	2677
8365	2678
8366	2679
8350	2680
8363	2681
8364	2682
8362	2683
8352	2684
8360	2685
8354	2686
8359	2687
8368	2688
8370	2689
8357	2690
8722	2691
8367	2692
8353	2693
7620	2694
8336	2695
8332	2696
8337	2697
7626	2698
7995	2699
8696	2700
7632	2701
8703	2702
7983	2703
8344	2704
8694	2705
7623	2706
8335	2707
8333	2708
8331	2709
8708	2710
8706	2711
8695	2712
8711	2713
8716	2714
8701	2715
8726	2716
8714	2717
7987	2718
7988	2719
8679	2720
8681	2721
8733	2722
7621	2723
7619	2724
7634	2725
8700	2726
8341	2727
8712	2728
8328	2729
7633	2730
8342	2731
8327	2732
8707	2733
8704	2734
7635	2735
9092	2736
9102	2737
9103	2738
9099	2739
9100	2740
9101	2741
9098	2742
9086	2743
9096	2744
9090	2745
9089	2746
9460	2747
9072	2748
9455	2749
9458	2750
9078	2751
9068	2752
9074	2753
9474	2754
9461	2755
9472	2756
9462	2757
9063	2758
9464	2759
9466	2760
9463	2761
9081	2762
9473	2763
9069	2764
9079	2765
9084	2766
9465	2767
9062	2768
9042	2769
9053	2770
9043	2771
9057	2772
9061	2773
9052	2774
9058	2775
9060	2776
9056	2777
9046	2778
9055	2779
9054	2780
9049	2781
9059	2782
9048	2783
9044	2784
9050	2785
9047	2786
9019	2787
9032	2788
9034	2789
9030	2790
9027	2791
9035	2792
9017	2793
9025	2794
9036	2795
9038	2796
9024	2797
9021	2798
9023	2799
9029	2800
9026	2801
9020	2802
9031	2803
9766	2804
9755	2805
9762	2806
9770	2807
9753	2808
9765	2809
9763	2810
9768	2811
9767	2812
9759	2813
9756	2814
9769	2815
10134	2816
10123	2817
10130	2818
10133	2819
10137	2820
10142	2821
10129	2822
10139	2823
10135	2824
10141	2825
10128	2826
10131	2827
10124	2829
10136	2830
10140	2831
10121	2832
10138	2833
10127	2835
9757	2836
10125	2837
10530	2838
10525	2839
10516	2840
10515	2841
10522	2842
10528	2843
10529	2844
10521	2845
10519	2846
10563	2847
10570	2848
10514	2849
10565	2850
10559	2851
10543	2852
10564	2853
10544	2854
10567	2855
10541	2856
10542	2857
10533	2858
10532	2859
10882	2860
10883	2861
10892	2862
10886	2863
10531	2864
10526	2865
10566	2866
10518	2867
10893	2868
10527	2869
10890	2870
10884	2871
11295	2872
11271	2873
11255	2874
11270	2875
11277	2876
11288	2877
11287	2878
11274	2879
11286	2880
11285	2881
11301	2882
11280	2883
11276	2884
11257	2885
11275	2886
11282	2887
11279	2888
11256	2889
11303	2890
11281	2891
11291	2892
11289	2893
11642	2894
11650	2895
11640	2896
11292	2897
11300	2898
11284	2899
11283	2900
11302	2901
11236	2902
11290	2903
11240	2904
11225	2905
11227	2906
11229	2907
11235	2908
11234	2909
11244	2910
11232	2911
11242	2912
11237	2913
11246	2914
11241	2915
11605	2916
11239	2917
11231	2918
11595	2919
11606	2920
11238	2921
11596	2922
11243	2923
11597	2924
12011	2925
12020	2926
12018	2927
12019	2928
11997	2929
12025	2930
12026	2931
12002	2932
12354	2933
12028	2934
12376	2935
11986	2936
12034	2937
12016	2938
12001	2939
12000	2940
12005	2941
11999	2942
12013	2943
12017	2944
12003	2945
11987	2946
12356	2947
12729	2948
12741	2949
12739	2950
12724	2951
12730	2952
13091	2953
12043	2954
12038	2955
12752	2956
12749	2957
12758	2958
12759	2959
12036	2960
12743	2961
12050	2962
12400	2963
12051	2964
12049	2965
12037	2966
12748	2967
12048	2968
12042	2969
12750	2970
12039	2971
12779	2972
12780	2973
12772	2974
12768	2975
12781	2976
12783	2977
12778	2978
12782	2979
12774	2980
12784	2981
13138	2982
12766	2983
15328	2984
15320	2985
15326	2986
15318	2987
15323	2988
15351	2989
15322	2990
15325	2991
15334	2992
15319	2993
15338	2994
15327	2995
15329	2996
15324	2997
15335	2998
15330	2999
15290	3000
15280	3001
15286	3002
15281	3003
15288	3004
15291	3005
15294	3006
15292	3007
15282	3008
15279	3009
15289	3010
13480	3011
13492	3012
13494	3013
13496	3014
13485	3015
13487	3016
13507	3017
13482	3018
13488	3019
13490	3020
13462	3021
13465	3022
13499	3023
13464	3024
13500	3025
13495	3026
13479	3027
13508	3028
13511	3029
13463	3030
13509	3031
13493	3032
13498	3033
13503	3034
13484	3035
13478	3036
13497	3037
13489	3038
13491	3039
13510	3040
13435	3041
13445	3042
13451	3043
13453	3044
13448	3045
13450	3046
13447	3047
13439	3048
13442	3049
13449	3050
13437	3051
13446	3052
13441	3053
13433	3054
13436	3055
13452	3056
13443	3057
13440	3058
13506	3059
13520	3060
13514	3061
13513	3062
13878	3063
13879	3064
13846	3065
13862	3066
13856	3067
13858	3068
13860	3069
13861	3070
13851	3071
13830	3072
13863	3073
13833	3074
13832	3075
13857	3076
13864	3077
13847	3078
13852	3079
13848	3080
13853	3081
14181	3082
14182	3083
14171	3084
14173	3085
14185	3086
14175	3087
14177	3088
14184	3089
14179	3090
14186	3091
14183	3092
14169	3093
14172	3094
14178	3095
14549	3096
14537	3097
14553	3098
14550	3099
14540	3100
14539	3101
14552	3102
14544	3103
14554	3104
14543	3105
14607	3106
14220	3107
14605	3108
14610	3109
14236	3110
14616	3111
14221	3112
14615	3113
14614	3114
14606	3115
14231	3116
14223	3117
14219	3118
14613	3119
14224	3120
14254	3121
14252	3122
14255	3123
14244	3124
14253	3125
14251	3126
14242	3127
14247	3128
14245	3129
14250	3131
14238	3132
14593	3133
14586	3134
14595	3135
14601	3136
14194	3137
14196	3138
14201	3139
14209	3140
14204	3141
14207	3142
14199	3143
14205	3144
14206	3145
14202	3146
14573	3147
14568	3148
14569	3149
14566	3150
14563	3151
14579	3152
14562	3153
14567	3154
14970	3155
14971	3156
14964	3157
14963	3158
14955	3159
281	3160
292	3161
290	3162
279	3163
289	3164
293	3165
294	3166
283	3167
277	3168
280	3169
284	3170
285	3171
286	3172
296	3173
297	3174
298	3175
295	3176
344	3177
342	3178
306	3179
323	3180
338	3181
336	3182
335	3183
328	3184
331	3185
347	3186
334	3187
354	3188
322	3189
332	3190
329	3191
326	3192
340	3193
355	3194
308	3195
337	3196
309	3197
343	3198
327	3199
352	3200
341	3201
324	3202
339	3203
333	3204
353	3205
649	3206
660	3207
662	3208
657	3209
647	3210
664	3211
651	3212
658	3213
663	3214
648	3215
659	3216
654	3217
666	3218
645	3219
655	3220
700	3221
701	3222
694	3223
704	3224
702	3225
696	3226
699	3227
690	3228
697	3229
692	3230
706	3231
691	3232
703	3233
708	3234
723	3235
698	3236
710	3237
722	3238
719	3239
720	3240
712	3241
707	3242
1049	3243
1046	3244
1043	3245
1045	3246
1042	3247
1053	3248
1057	3249
1054	3250
1055	3251
1056	3252
1048	3253
1051	3254
1040	3255
1050	3256
1052	3257
1036	3258
1038	3259
1044	3261
6220	3262
6210	3263
6218	3264
6249	3265
6240	3266
6238	3267
6242	3268
6254	3269
6247	3270
6248	3271
6235	3272
6246	3273
6237	3274
6227	3275
6211	3276
6228	3277
6241	3278
6196	3279
6217	3280
6243	3281
6252	3282
6255	3283
6245	3284
6523	3285
6212	3286
6562	3287
6219	3288
6195	3289
6229	3290
6253	3291
6215	3292
6221	3293
6232	3294
6214	3296
6224	3297
6251	3298
6605	3299
6586	3300
6615	3301
6609	3302
6603	3303
6611	3304
6608	3305
6579	3306
6595	3307
6596	3308
6594	3309
6587	3310
6610	3311
6565	3312
6582	3313
6197	3314
6194	3315
6564	3316
7333	3317
7336	3318
7319	3319
7328	3320
7327	3321
7326	3322
7334	3323
7318	3324
7316	3325
7335	3326
7325	3327
6950	3328
6960	3329
6957	3330
6958	3331
6959	3332
8061	3333
8070	3334
8052	3335
8064	3336
8055	3337
8062	3338
8063	3339
8072	3340
8069	3341
8054	3342
7686	3344
7696	3345
7694	3346
8071	3347
6551	3349
6546	3351
6552	3352
6550	3353
6549	3354
6548	3355
6537	3356
6536	3357
6543	3358
6553	3359
6533	3360
6545	3361
6547	3362
6539	3363
6541	3364
6540	3365
6167	3366
6542	3368
8375	3369
8376	3370
8390	3371
8389	3372
8377	3373
8373	3374
8385	3375
8388	3376
8380	3377
8383	3378
8386	3379
8379	3380
8381	3381
8387	3382
8391	3383
8759	3384
8751	3385
8762	3387
8747	3388
8754	3389
8753	3390
8743	3391
8756	3392
8744	3393
8745	3394
8750	3395
8761	3396
8757	3397
8741	3398
8758	3399
8749	3400
8760	3401
8398	3402
8405	3403
8783	3404
8408	3405
8766	3406
8785	3407
8781	3408
8778	3410
8404	3411
8777	3412
8409	3413
8400	3414
8402	3415
8782	3416
8767	3417
8410	3418
8774	3419
8776	3420
8784	3421
8773	3422
7662	3423
7664	3424
7670	3425
7668	3426
7672	3427
7663	3428
7676	3429
8041	3430
8030	3431
8044	3432
8045	3433
8034	3434
8038	3435
8036	3436
7678	3437
8042	3438
7681	3439
7673	3440
7669	3441
7677	3442
7659	3443
8448	3444
8450	3445
8455	3446
8451	3447
8813	3448
8822	3449
8823	3450
8812	3451
8814	3452
8457	3453
8458	3454
8444	3455
8456	3456
8449	3457
8452	3458
8460	3459
8463	3460
8446	3461
8445	3463
8462	3464
8461	3465
8459	3466
8442	3467
7712	3468
8419	3469
8436	3470
8430	3471
8418	3472
7714	3473
8426	3474
8424	3475
8429	3476
7724	3477
8431	3478
8440	3479
8081	3480
8083	3481
8080	3482
8803	3483
8075	3484
8086	3485
8791	3486
8786	3487
8793	3488
8796	3489
8795	3490
8804	3491
8787	3492
7726	3493
8438	3494
8434	3495
8770	3497
7719	3498
8425	3499
8801	3500
8790	3501
8800	3503
8037	3504
8082	3505
7715	3506
8423	3508
8422	3510
8079	3513
8427	3514
7707	3515
11387	3517
11363	3518
11376	3519
11372	3520
11369	3521
11362	3522
11371	3523
11367	3524
11375	3525
11373	3526
11368	3527
11379	3528
11392	3529
11349	3530
11395	3531
11393	3532
11394	3533
11374	3534
11735	3535
11382	3536
11734	3537
11732	3538
11744	3539
11380	3540
11378	3541
11743	3542
11742	3543
11377	3544
11383	3545
11366	3546
11332	3547
11335	3548
11317	3549
11333	3550
11326	3551
11325	3552
11330	3553
11329	3554
11327	3555
11337	3556
11321	3557
11336	3558
11320	3559
11323	3560
11319	3561
11324	3562
11338	3563
11331	3564
11688	3565
11698	3566
11689	3567
11687	3568
11697	3569
11695	3570
12094	3573
12116	3574
12095	3575
12097	3576
12110	3577
12112	3578
12082	3579
12084	3580
12446	3581
12085	3582
12083	3583
12111	3584
12086	3585
12109	3586
12088	3588
12080	3589
12092	3590
12471	3591
12096	3592
12079	3593
12078	3594
12089	3595
12447	3596
12091	3597
12457	3598
12448	3599
12090	3600
12824	3601
12118	3602
12830	3603
13182	3604
13193	3605
12833	3606
12831	3607
12819	3608
12821	3609
13187	3610
12820	3611
12825	3612
13183	3613
12814	3614
12829	3616
12816	3617
12818	3618
12832	3619
12822	3620
12076	3621
13189	3622
13186	3623
13191	3624
12128	3626
12131	3627
12126	3628
12123	3629
12841	3630
12843	3631
12840	3632
12844	3633
12850	3634
12130	3635
12127	3636
12129	3637
12141	3638
12491	3639
12493	3640
12143	3641
12142	3642
12842	3643
12856	3644
12852	3645
12499	3647
12498	3648
12864	3649
12871	3650
12878	3651
12858	3652
12875	3653
12860	3654
12868	3655
12873	3656
12874	3657
12867	3658
12870	3659
12872	3660
12865	3661
12876	3662
12877	3663
12879	3664
13238	3665
13239	3666
12866	3667
12861	3668
13229	3669
13242	3670
15420	3671
15426	3672
15411	3673
15427	3674
15428	3675
15418	3676
15440	3677
15416	3678
15417	3679
15414	3680
15395	3681
15422	3682
15425	3683
15396	3684
15415	3685
15394	3686
15423	3687
15424	3688
15435	3689
15443	3690
15432	3691
15780	3692
15782	3693
15431	3694
15397	3695
15430	3696
15421	3697
15441	3698
15451	3699
15429	3700
15419	3701
15382	3702
15374	3703
15365	3704
15381	3705
15377	3706
15380	3707
15368	3708
15383	3709
15372	3710
15371	3711
15386	3712
15384	3713
15735	3714
15746	3715
15369	3716
15367	3717
15379	3718
15378	3719
15373	3720
13970	3723
13944	3724
13948	3725
13967	3726
13969	3727
13938	3728
13966	3729
13945	3730
13971	3731
13950	3732
13954	3733
13956	3734
13939	3735
13952	3736
13949	3737
13951	3738
13968	3739
13922	3740
13942	3741
13925	3742
13943	3743
13955	3744
13940	3745
13963	3746
13953	3747
13923	3748
13958	3749
13960	3750
13924	3751
13947	3752
14263	3753
14274	3754
14278	3755
14267	3756
14276	3757
14277	3758
14268	3759
14270	3760
14261	3761
14275	3762
14273	3763
14265	3764
14264	3765
14271	3766
14310	3767
14631	3770
14629	3771
14646	3772
14645	3773
14632	3774
14643	3775
14644	3776
14635	3777
14639	3778
14636	3779
14642	3780
14641	3781
14633	3782
14637	3783
14699	3786
14707	3787
14313	3788
14312	3789
14307	3790
14705	3791
14322	3792
14311	3793
14321	3794
14315	3795
14306	3796
14316	3797
14706	3798
14323	3799
14318	3800
14324	3801
14308	3802
14319	3803
14338	3804
14320	3805
14702	3806
14346	3807
14332	3808
14343	3809
14342	3810
14345	3811
14344	3812
14336	3813
14330	3814
14347	3815
14337	3816
14339	3817
14333	3818
14681	3819
14286	3820
14296	3821
14291	3822
14297	3823
14293	3824
14292	3825
14298	3826
14287	3827
14290	3828
14301	3829
14288	3830
14294	3831
14300	3832
14654	3833
14667	3834
14656	3835
14665	3836
14658	3837
14655	3838
14685	3839
14678	3840
14687	3841
14688	3842
14679	3843
14676	3844
14686	3845
15062	3846
15064	3847
15063	3848
15055	3849
15057	3850
15060	3851
